1384871400 74.23 74.28 74.13 74.27 9436 370
1384871460 74.25 74.35 74.25 74.34 3689 372
1384871520 74.34 74.35 74.25 74.29 3339 292
1384871580 74.28 74.31 74.14 74.14 1701 200
1384871640 74.14 74.18 74.06 74.13 5551 454
1384871700 74.11 74.31 74.1 74.31 2331 247
1384871760 74.29 74.41 74.23 74.38 3822 325
1384871820 74.38 74.43 74.33 74.39 3318 343
1384871880 74.39 74.48 74.34 74.47 3367 346
1384871940 74.47 74.49 74.35 74.37 2618 246
1384872000 74.35 74.38 74.27 74.3 2156 210
1384872060 74.29 74.29 74.17 74.21 2142 212
1384872120 74.22 74.36 74.22 74.29 1862 178
1384872180 74.27 74.29 74.24 74.26 980 98
1384872240 74.25 74.3 74.25 74.3 1645 132
1384872300 74.3 74.33 74.2 74.22 2268 210
1384872360 74.22 74.28 74.19 74.25 1519 155
1384872420 74.24 74.4 74.24 74.36 2226 222
1384872480 74.36 74.53 74.33 74.53 4459 415
1384872540 74.51 74.61 74.51 74.56 5208 424
1384872600 74.56 74.58 74.49 74.55 2247 212
1384872660 74.58 74.59 74.53 74.58 2492 214
1384872720 74.57 74.58 74.48 74.55 2625 257
1384872780 74.56 74.59 74.51 74.54 1666 148
1384872840 74.55 74.64 74.53 74.63 2919 240
1384872900 74.61 74.64 74.54 74.57 2226 206
1384872960 74.57 74.61 74.56 74.57 784 82
1384873020 74.57 74.58 74.55 74.57 812 99
1384873080 74.55 74.61 74.55 74.59 1106 113
1384873140 74.59 74.61 74.53 74.6 1127 118
1384873200 74.6 74.63 74.57 74.6 2058 182
1384873260 74.6 74.62 74.57 74.6 882 85
1384873320 74.6 74.61 74.57 74.6 980 114
1384873380 74.59 74.67 74.59 74.66 4249 325
1384873440 74.65 74.69 74.64 74.67 2583 278
1384873500 74.67 74.76 74.67 74.72 3899 327
1384873560 74.72 74.77 74.71 74.72 2926 278